第19关
pic/back2.bmp
map20
20
2 1 2 C 100 80 52 7 784 16 4
2 1 2 C 100 80 50 7 784 16 4
2 1 2 C 100 80 50 7 784 16 4
2 1 2 C 100 80 50 6 784 16 4
2 1 2 C 100 80 50 5 784 16 4
2 1 2 C 100 80 50 5 784 16 4
2 1 2 C 100 80 50 5 784 16 4
2 1 3 C 100 80 50 4 784 16 4
2 1 3 C 100 80 50 4 16 16 4
2 1 3 C 100 80 50 4 16 16 4
2 1 3 C 100 80 50 4 16 16 4
2 1 3 C 100 80 50 4 16 16 4
2 1 3 C 100 50 50 4 16 16 4
2 1 3 C 100 50 50 4 16 16 4
2 1 3 C 100 50 50 5 16 16 4
2 1 1 C 2000 50 0 5 390 16 4
2 1 1 C 2000 50 0 5 390 16 4
2 1 1 C 100 50 30 5 390 16 4
2 1 1 C 100 50 30 5 390 16 4
2 1 1 C 200 50 30 5 390 16 4

序号,类别(人,物),角色(0玩家控制),名称,HP,MP,BP,等级,坐标X,坐标Y,方位(角度)