第1关
pic/back.bmp
map2
6
2 0 1
0 1 0 A 150 50 25 1 340 530 1
1 1 0 B 150 50 25 10 410 530 1
2 3 2 C 10 50 40 1 160 160 1
2 3 16 C 10 50 40 1 260 460 4
2 1 1 C 10 50 40 1 16 16 4
2 1 1 C 10 50 40 1 16 16 4
2 1 1 C 10 50 40 1 16 16 4
2 1 1 C 10 50 40 1 16 16 4
2 1 1 C 10 50 40 1 784 16 4
2 1 1 C 10 50 40 1 784 16 4
2 1 1 C 10 50 40 1 784 16 4
2 1 1 C 10 50 40 1 784 16 4
2 1 1 C 10 50 40 1 784 16 4
2 1 1 C 10 50 40 1 784 16 4
2 1 1 C 10 50 40 1 784 16 4
2 1 1 C 10 50 40 1 784 16 4
2 1 1 C 10 50 40 1 390 16 4
2 1 1 C 10 50 40 1 390 16 4
2 1 1 C 10 50 40 1 390 16 4
2 1 1 C 10 50 40 1 390 16 4
2 1 1 C 10 50 40 1 390 16 4
2 1 1 C 10 50 40 1 390 16 4

序号,类别(人,物),角色(0玩家控制),名称,HP,MP,BP,等级,坐标X,坐标Y,方位(角度)