第14关
pic/back1.bmp
map15
20
2 1 2 C 100 50 10 6 784 16 4
2 1 2 C 100 50 10 6 784 16 4
2 1 2 C 100 50 30 6 784 16 4
2 1 2 C 100 50 30 6 784 16 4
2 1 2 C 100 50 20 5 784 16 4
2 1 2 C 100 50 20 5 784 16 4
2 1 2 C 100 50 20 5 784 16 4
2 1 3 C 100 50 30 4 390 16 4
2 1 3 C 100 50 30 4 390 16 4
2 1 3 C 100 50 30 4 16 16 4
2 1 3 C 100 50 30 4 16 16 4
2 1 3 C 100 50 30 4 16 16 4
2 1 3 C 100 50 30 4 16 16 4
2 1 3 C 100 50 30 4 16 16 4
2 1 3 C 100 50 20 5 16 16 4
2 1 3 C 200 50 30 5 16 16 4
2 1 5 C 200 50 20 5 16 16 4
2 1 5 C 100 50 30 5 390 16 4
2 1 5 C 100 50 30 5 390 16 4
2 1 5 C 200 50 30 5 390 16 4

序号,类别(人,物),角色(0玩家控制),名称,HP,MP,BP,等级,坐标X,坐标Y,方位(角度)