第17关
pic/back2.bmp
map18
20
2 1 2 C 200 80 40 7 784 16 4
2 1 2 C 200 80 40 7 784 16 4
2 1 2 C 200 80 40 7 784 16 4
2 1 2 C 500 80 40 6 784 16 4
2 1 2 C 100 80 40 5 784 16 4
2 1 2 C 100 80 40 5 784 16 4
2 1 2 C 100 80 40 5 784 16 4
2 1 3 C 100 80 40 4 16 16 4
2 1 3 C 100 80 40 4 16 16 4
2 1 3 C 100 80 40 4 16 16 4
2 1 3 C 100 80 40 4 16 16 4
2 1 3 C 100 80 40 4 16 16 4
2 1 3 C 100 50 40 4 16 16 4
2 1 3 C 100 50 40 4 16 16 4
2 1 3 C 100 50 40 5 390 16 4
2 1 3 C 200 50 30 5 390 16 4
2 1 5 C 200 50 20 5 390 16 4
2 1 5 C 100 50 30 5 390 16 4
2 1 5 C 100 50 30 5 390 16 4
2 1 5 C 200 50 30 5 390 16 4

序号,类别(人,物),角色(0玩家控制),名称,HP,MP,BP,等级,坐标X,坐标Y,方位(角度)