第3关
pic/back.bmp
map4
20
2 1 2 C 100 50 10 2 784 16 4
2 1 2 C 100 50 10 2 784 16 4
2 1 2 C 100 50 10 2 784 16 4
2 1 2 C 100 50 10 2 784 16 4
2 1 2 C 100 50 10 2 784 16 4
2 1 2 C 100 50 10 2 784 16 4
2 1 2 C 100 50 10 2 784 16 4
2 1 2 C 100 50 10 2 784 16 4
2 1 2 C 100 50 10 2 16 16 4
2 1 2 C 100 50 10 2 16 16 4
2 1 1 C 100 50 10 1 16 16 4
2 1 1 C 100 50 10 1 16 16 4
2 1 1 C 100 50 10 1 16 16 4
2 1 1 C 100 50 10 1 16 16 4
2 1 1 C 100 50 10 1 390 16 4
2 1 1 C 100 50 10 1 390 16 4
2 1 1 C 100 50 10 1 390 16 4
2 1 1 C 100 50 10 1 390 16 4
2 1 1 C 100 50 10 1 390 16 4
2 1 1 C 100 50 10 1 390 16 4

序号,类别(人,物),角色(0玩家控制),名称,HP,MP,BP,等级,坐标X,坐标Y,方位(角度)