第5关
pic/back1.bmp
map6
20
2 1 2 C 100 50 10 2 784 16 4
2 1 2 C 100 50 10 2 784 16 4
2 1 2 C 100 50 10 2 784 16 4
2 1 2 C 100 50 10 2 784 16 4
2 1 2 C 100 50 10 2 784 16 4
2 1 2 C 100 50 10 2 784 16 4
2 1 2 C 100 50 10 2 784 16 4
2 1 3 C 150 50 10 3 16 16 4
2 1 3 C 150 50 10 3 16 16 4
2 1 3 C 150 50 10 3 16 16 4
2 1 3 C 150 50 10 3 16 16 4
2 1 3 C 150 50 10 3 16 16 4
2 1 3 C 150 50 10 3 16 16 4
2 1 3 C 150 50 10 3 16 16 4
2 1 3 C 150 50 10 3 16 16 4
2 1 3 C 200 50 10 3 390 16 4
2 1 1 C 100 50 10 1 390 16 4
2 1 1 C 100 50 10 1 390 16 4
2 1 1 C 100 50 10 1 390 16 4
2 1 1 C 100 50 10 1 390 16 4

序号,类别(人,物),角色(0玩家控制),名称,HP,MP,BP,等级,坐标X,坐标Y,方位(角度)