第8关
pic/back2.bmp
map9
20
2 1 2 C 200 50 20 2 784 16 4
2 1 2 C 200 50 20 2 784 16 4
2 1 2 C 200 50 20 2 784 16 4
2 1 2 C 200 50 20 2 784 16 4
2 1 2 C 200 50 20 2 784 16 4
2 1 2 C 200 50 20 2 784 16 4
2 1 2 C 200 50 20 2 784 16 4
2 1 3 C 150 50 20 3 16 16 4
2 1 3 C 150 50 20 3 16 16 4
2 1 3 C 150 50 20 3 16 16 4
2 1 3 C 150 50 20 3 16 16 4
2 1 3 C 150 50 20 3 16 16 4
2 1 3 C 150 50 20 3 16 16 4
2 1 3 C 150 50 20 3 16 16 4
2 1 3 C 150 50 20 3 390 16 4
2 1 3 C 200 50 20 3 390 16 4
2 1 4 C 200 50 20 1 390 16 4
2 1 4 C 200 50 20 1 390 16 4
2 1 4 C 200 50 20 1 390 16 4
2 1 4 C 200 50 20 1 390 16 4

序号,类别(人,物),角色(0玩家控制),名称,HP,MP,BP,等级,坐标X,坐标Y,方位(角度)